215678976
537427976
765394953
846626827
158957580
243728400
975175697
515506198
859439126
556531742
164429860
298549286
119406631
114753575
777158695
112525353
247857205
33259574
1802295
691175486
609484863
255885380
768245832
524812362
139296842
905150551
983133
425951327
136151146
153223277
156565613
697270381
391315571
3080315
346521726
309723267
57245828
216563845
761987204
3866757
302252175
2195601
741965972
136577179
235602076
802586783
150634659
115933348
250544293
532644003
344948907
156106927
386957488
274333882
267518138
747503808
126189783
220299510
828702968
161317113
942276858
151683323
680952057
772014338
59572483
681738500
592478473
274071819
265650444
278921483
541786382
159842576
251691289
116293914
277741854
117014816
232882465
782434597
167641383
563183914
897548587
243859756
126615855
156959023
769851696
331776309
272138552
621150520
785842490
212664634
222331196
970424637
597754179
824901956
250118469
81002823
647790925
376602957
31129934
626000208
394133841
668172625
270598484
746422614
428081496
164299105
376209768
131498349
155287919
503873904
778535280
764576115
375357816
308052345
250118523
233406851
799310211
3703174
134873479
766935443
741966230
902267288
307986843
154304926
365199779
379093411
768246187
849772971
312345007
817201586
269550004
997228983
894992830
155189698
157417924
219742664
812941769
646971857
761856466
154796504
254312921
366543324
350159327
159384036
666632677
324338150
547914214
632226281
744423916
596410862
380666352
128156146
123306484
611713529
559710717
529859073
155189764
426738192
169083411
953123357
972947998
426181152
767001124
129532453
1966631
807371303
163512876
220004911
163349041
525763127
815989308
316670528
358842946
266273349
808190540
206930512
867107438
120586863
161514096
593330811
253723260
739508881
218432148
602112672
515801765
247071400
370967210
269451948
158401200
975733425
297665210
130745020
392331967
257753792
900924098
37716676
858653388
392331983
529859285
750650071
857375451
158106334
943817438
60359396
151028456
743572203
132874988
385942253
267879150
292586228
266011381
157549304
384566009
964395769
234947332
129499913
97551114
741606156
161874702
282755855
601162511
307725073
371032849
243598097
975569684
861209366
329941783
276464417
396329765
156828453
541459243
377881387
650085165
242975537
622461747
127271734
138871607
755729209
509510462
381092680
959054666
393380687
116654934
207520602
311165786
1147740
352781152
262767459
527139683
755303269
558793586
644875124
254182268
369787775
139363201
510329734
777651079
158139273
697238411
729318289
221283217
784958362
115377052
267518876
261555102
239010720
383419297
324076448
759235493
680133543
891978665
156894133
868615103
638026688
125862856
143852489
605094860
298550221
312312782
273646542
613319632
551388110
391971794
632194001
319751124
157549524
273351637
525042646
277775318
388760530
249299931
266732513
651690979
822281190
323781609
157549553
261784562
265651190
395936761
278070268
911016956
287048704
153388038
1639431
402949128
115049483
340558866
611025940
527631383
137528346
130057243
775685147
4424733
350159903
260310052
274727973
269222954
794068011
331777068
235602990
390661171
375489595
700974149
762446920
304579662
260080727
606143575
125863003
730629212
381518942
303334499
1311845
378930279
97485928
375096425
15598705
731153524
208831609
165282938
389710971
890700925
382567550
378930305
127599745
269452422
391644298
258311307
428344461
733807766
248120470
318473370
680592542
308085919
619807904
782107821
570885294
840991923
1213620
778929333
329581748
378930360
517735609
367461564
999916737
336528577
700122309
807830730
332924110
552273106
248120536
213288161
392103144
136217833
370574574
628557039
152110321
158336244
634782967
118752505
258409722
221283579
163382524
296223998
38765826
164070660
374310157
355632411
398263582
320013599
815170848
629114145
244385060
760218917
697042216
724501803
80315691
246383915
273548590
531334456
346228028
280200509
258311485
532251967
34440513
425854279
393643336
951584071
336004426
233702735
127665490
910493014
851084651
864716140
533759344
771949936
257197427
207914358
120554871
259294584
525370744
899712381
610567550
356582788
258540938
618726797
312575374
155813281
264635810
108135842
526812580
156403111
319653289
136349100
331122095
520390063
144803248
107840946
689767864
18515385
115508667
746456508
133629372
120522183
789317070
378242514
824903123
131106273
261228002
610764262
134972904
168199661
506562029
616203757
790169073
571246068
569476596
333448694
388498935
504202745
245827068
169412094
266667524
553780744
898500115
509150744
402195992
668534302
74024479
119375394
866190892
267126321
137299505
537003572
284722744
528320057
349898300
127600189
74778186
213583436
105481805
208963150
373458511
335054416
271189591
268142170
683411038
259458662
546965100
125175406
304973427
396822133
311920247
111478396
754157182
510723712
328664705
115607170
748521094
590972553
540083860
758974103
125765271
909739673
549815963
81462942
2426527
143328928
567838370
395806379
752715439
428345012
808486584
364807866
152635066
764315337
732858065
265029338
345966299
165119709
276367070
151357153
750028515
132941544
697632489
311690986
253626091
852231913
111511274
600114942
100271878
322176783
858392335
364545817
695731995
591646
273811237
844367656
242976554
132220718
741574463
598673221
956696394
895485772
231016275
297764692
78645077
783255382
131663703
623478613
116328287
1889
940541794
789055336
140347244
790431601
904890226
391972725
145327992
377554815
430245761
728270722
818513795
753305476
163612550
527665032
798427020
234948492
505644942
651822991
532252558
798066578
375490456
237438878
163284903
282527657
776734635
322504620
380438450
510691255
389384130
544901061
733087698
786696150
321554392
744556505
371034073
395184093
88442848
521570272
541951969
810813413
141068261
137824232
1312745
363890664
343771116
139167728
756418551
609323002
20744189
211224574
390268930
161646597
278235141
386467848
213059594
909969421
251529233
139888673
125929506
113281060
542640165
333154342
849479718
756090917
280987699
207521851
131696704
156829768
149063769
911444057
287705179
116099168
211486820
154044521
995788908
866027630
231016559
2787440
969934960
624461950
516556928
546146432
55380099
610568328
251365514
120129675
299305098
320571535
391645329
758057106
365693079
306448536
280004761
428345497
959252635
2213
732530856
699205800
740362410
125470894
707037368
358451385
2132154
668174524
307333310
221841601
358713538
908626114
286296262
6555849
729123017
269551817
52234444
131369166
135399633
1002997975
318146776
526452956
701040861
370247916
758188274
134252786
254150908
605653245
352192765
809044223
587172105
161483021
346851598
114428173
391645461
361367831
863045912
208177433
301107482
208177435
120129819
287738141
287738139
742328624
587172147
154306868
741148982
267389244
127240513
129009985
850659650
565643591
26511688
370084169
743246157
911444302
136939857
255723859
546146646
976161112
644352345
508889433
299796827
243075419
144640350
312969569
690555235
1837412
611453284
208243046
310315369
211945836
250841453
213715310
163449200
120686965
109119863
300124538
966691196
288786813
512461180
345278861
356321682
586680725
231672214
624036247
208177564
232720797
129501598
611027362
218433960
534579625
111413675
544901549
346229166
752355762
239503794
156961222
168593862
238619080
536512973
787548626
212109780
114264534
376113623
514853339
344951268
114985446
142576103
553781737
164661740
269421043
164989429
235604470
131533302
361761272
207522297
124586490
104565240
589466110
398363144
401803785
390826506
38078993
275417621
9538071
144673309
747997728
362940968
259656233
160991798
207260217
864258620
139954758
246909517
693766735
533039697
66849362
610536022
367004249
290785882
544868961
127371884
239176301
613026414
155519606
121080443
10390141
847350399
380537481
973736587
604080780
322701965
705858187
386894478
134318741
792136348
234687146
615746219
734431917
763169453
208734894
234949296
820021943
910002875
213682883
219810500
267750086
780012232
140348105
679545549
270895821
269454031
858098383
812321494
1116891
727648990
510331618
163875556
275090150
859802348
109120239
550144757
593726198
592284408
288557823
158927616
562793217
350522116
266013447
726797065
121899787
239143692
550931217
134449945
206310190
732302127
117279539
156601147
610601789
212241216
757009216
136088391
239012680
142281544
25693002
289377099
762448717
315263824
942738260
161975128
807340893
115444578
790432612
402525031
394529640
243600233
221842280
567937899
211946348
238717805
620923759
820022131
273681268
538676090
386272126
1608574
130124686
217320340
726174622
289508261
551390117
744262566
128519082
743476139
546868144
222104497
224070581
670665655
402525111
357927867
546573244
633539522
314280905
818514889
136776651
112004049
324013019
535432156
425200609
208964585
815959018
120720363
273517562
865471487
770280455
391744521
340921355
1117198
323488784
30510099
267750421
343510038
344427545
114428974
131959863
251432000
642288705
908921921
686230595
239012934
117869642
429558859
125635660
550145100
374770766
385879120
339315798
945917015
696650839
783682651
116624476
248482908
602836062
246680674
124619875
138021993
157355123
153685109
100338806
111905915
164039806
69667966
266472579
845221003
696061071
156830864
632917138
75762834
243895443
747506837
138087578
155323554
759303332
319294633
343149738
321588399
858361007
9079983
111840439
250645688
129174714
30182586
646024380
163876031
746196160
956763327
261786818
303598787
393907394
93621445
327027911
271060173
301698256
507350226
244092117
358386904
156667097
758877404
555814111
4820202
345279725
127372526
211553537
940117253
774900999
346262794
678432013
312937743
551750934
308940054
144739606
161484058
628821276
374181148
359894309
208964902
323751208
124194091
757959982
771099965
327224640
213192014
345902420
218434903
224071000
518196570
819268957
902466912
538643816
961678698
169086315
792857964
735153535
944770442
117706126
259788179
140414356
213683610
258117018
243895707
256052641
150310306
536513955
561417640
352128427
271977900
596970931
276303285
566726074
8981949
368414142
403180989
788893124
845581766
331214
427429330
265260505
157650406
164990438
235605482
123244016
18058736
571313655
611290617
646974979
267521540
514854408
131337739
135007762
906923538
537923090
608177684
650841626
941493789
686853664
164859430
206081574
630656554
286985773
165121582
259788340
219745848
269454909
340102720
152079936
374967875
152997447
859704905
141528651
274730578
425561684
745868887
909512281
694455900
403181148
706940510
817204832
511544929
290885216
531074663
156831341
384044657
975801971
704056947
9637493
268209782
697142902
246681208
138514041
211259004
807341693
130354829
727387790
697306767
371265166
1543824
322014871
4787865
769855130
303861403
383717017
13897374
8818335
135892638
945524389
370216619
276598449
136744626
894439091
807276217
140807865
346820283
140578489
704384704
272240322
146738889
426741451
129175244
545296076
164433612
509152975
847843023
336727762
582979296
256610021
352128741
60100330
140349163
156667627
129175281
849481464
120491773
380309247
161484550
276795145
748490507
319000331
211259154
126979859
621154069
425561884
380243748
131436327
310546216
257658665
614076201
133238569
119902006
850923334
528715592
541790027
271060814
610176846
774344527
260378453
249794392
827232090
587272030
969674592
807341922
248483684
169086821
695078758
620105574
320212844
79236977
755306355
676925301
276270974
164859778
220729218
796659587
151883660
115740562
168693652
389943190
257920921
165449627
730992539
516591516
818515870
206966691
346853290
562204595
722800579
145952715
270929869
697634767
572297168
289771474
503877587
725651410
112463832
238358494
273944545
118951911
610537448
344657895
260542444
135335918
273813489
866062322
150507510
700387329
339873794
123572228
514822157
4165647
267292688
110825493
156864533
356782108
676532256
519278628
1511461
702222378
336302127
112922672
140808240
116002866
138219573
370774071
269652024
542052413
90148928
764284998
328339528
814354505
312545354
388698192
369889380
340955238
213553255
283807846
249008238
135336054
164434039
608899190
892014718
587174017
232067209
531042441
76484748
278859921
863408276
342036630
427823255
696783000
22417562
255889569
355307682
136843428
426479780
89788583
616894637
209391790
286560432
97554613
941691068
136417469
892440766
697733309
388239556
117936326
748490958
279154894
88019152
809308368
507613398
366711000
692785370
773230825
729878762
619188467
96833781
67866872
21958904
508498172
257462528
262181124
3641608
207524110
850923797
796234005
140513561
704516383
240587043
243110184
139399469
273256755
163942714
128192827
363139388
115937597
152113470
81105215
824021309
899977539
319689031
602247502
1249615
248123730
92311891
249139540
384897365
140874071
871174487
137236830
119902563
532615524
322244968
213291373
217911667
697635188
697733495
267391352
361075064
351310199
375230843
562172285
234951040
750621061
243077516
908890523
248222110
103682463
512070047
728043935
282136991
219812266
247927211
24285612
114725291
243077550
636490159
740233649
246518194
134386104
867668411
754913727
259887554
389714372
156668362
119247306
153457100
62493141
670798294
268145109
164860383
691016161
122491366
1151465
693998062
692721
3576309
938873333
273584635
894243325
551817730
244453890
402199045
244453896
162271754
240521743
114299409
313430551
91787805
28283422
505451038
366252580
696586790
221090344
521572904
117379626
907907632
807342657
125899333
115511878
669487687
558174792
345608783
115511890
862982739
20615772
909644381
149000803
113414759
959255144
126980714
759304818
140284532
3183222
561943161
863867515
18879100
115479165
548541053
158569086
271782524
306680448
1002607234
776114822
698749580
1282702
307729050
162337435
586453664
163812000
369365670
943133361
758321843
158175923
754782907
2659007
69866175
759272129
704680642
362091206
567808712
865964746
347738826
873272013
33034958
163877584
163254996
685150932
155456215
117379802
973148892
759239393
369890018
121115362
965939940
36573925
149033705
232231660
339383022
341807858
551817982
251630335
315822848
222204677
206148357
323982095
234951443
670667542
621384471
849777432
286331676
213291815
548541227
119673646
541102898
626529078
96703288
622138173
543920957
513086272
553358144
314020675
140022596
383849289
643011403
8328012
861672272
1971025
251597660
113742686
315265893
24515433
762352490
134583149
644354928
333157233
803476343
253498232
271422329
336270201
504861562
278598529
151262091
602837899
425169808
160633745
339219345
308679573
899257239
150508440
221975455
308056991
758518690
601166757
505451434
125735855
386962354
34051001
222204860
668767164
316412863
314577856
209982404
214700997
258970565
275452868
159388613
141923277
776410069
236950485
119411677
380081125
213292007
208835560
907547628
220468208
116921337
111186938
368415738
68064250
231019517
154637307
114201600
129438721
160633859
372413446
213685256
145888270
267293711
898798615
295474203
773166108
141005868
938153005
128193583
822219830
858100792
19076155
113906753
590287941
281285702
620598355
137008213
112759906
261690468
824906856
247829617
52728949
893719669
511546494
402953344
630756482
299865219
211260551
121083017
513971338
129930385
386864275
424481940
278172845
701863086
392172720
318936244
240456895
151884992
857806016
330437826
729322694
543921359
942314703
815961297
269292756
664704220
626398430
334763231
163255524
609883369
115774703
608802031
365794547
513479930
269292795
295015676
995005692
391320833
339219714
740234498
244356357
211260685
515216655
679154961
11277586
650384658
403936533
552637722
386962715
32675103
164992295
680105258
550933804
293868844
674829619
827266357
152900917
115053881
527963457
339907916
246945103
267490640
688461136
153851219
261657940
168465751
792827232
1447265
129176930
151393632
161879393
697603428
246486377
621483370
509089131
650089838
860296567
215422337
238720387
124130693
105944453
619058571
554210710
378508695
267785623
329913756
240457117
291083681
210900386
728274341
677123496
13538739
314381753
211555775
238851520
563221960
3675595
338662861
356357583
378017233
399152596
346756570
154408411
211981789
274437598
128194015
128521696
590714337
249796063
211588580
761533925
895849958
598119909
268146152
60593641
817206765
557323759
163911162
707040768
531338752
157881858
611063298
114300427
267130387
160634388
536548891
245995042
136222245
693409323
787519020
118887981
260773422
619714100
592287296
698062407
112694856
760125004
280565325
34313808
615552594
275453525
121312854
403707484
305469025
588256869
111580781
149427826
276993652
266606199
402003577
610571902
130193025
114235011
126424713
212506250
105092746
312678032
824022679
569284248
244094617
168007323
119576222
529045155
114038436
380245671
764843688
25269929
684332714
898471596
310875825
269457079
374445753
529012409
746526397
100734656
565614272
552277699
118691523
276109000
1003493065
267130569
896571085
607033038
382605014
319297239
524195543
130094818
695211746
312973027
603920103
513480425
115316458
298456819
366286582
610572026
153294586
563713794
115676931
748230402
135763717
352130826
288003852
430216982
632297243
564827933
250648357
528652070
272733995
909547309
84940594
246781750
269555517
757471046
297998156
778934095
259823439
522000210
402003796
132618073
288659290
291903324
527374172
376117086
527996770
266606437
272734054
619157355
771135340
21895029
343218040
268670844
376280964
389945221
607393676
123344780
265623438
206673807
382605200
609949580
697309078
317495192
548935577
265852825
269457307
391157661
211261343
551851949
157128629
551819190
519968694
19503044
1677253
380868550
425170885
211654601
425957326
126818262
150411225
604379098
732665819
131667932
362682331
817764319
160208865
165124068
314578920
317757426
678369274
621910013
689870849
507910150
278108166
616208390
308254732
348461070
305043472
902895634
324048917
248551446
683644955
111450140
255268894
104798242
758945833
7772202
403773483
22616107
210901034
268015659
369694768
126720048
156375090
323229750
969939007
967088196
909482053
391649352
940578892
729585742
753670223
26417230
867637329
216569934
583506006
117577815
729913430
114301017
907548764
559028334
403773552
273029238
540121212
378443903
508172415
758945927
506632331
128981131
160635019
124557455
220371092
317724828
131471518
258218145
952998056
378116265
643012781
337909934
127637681
344627378
148805822
309434569
610179274
140974289
389093586
269752531
303306968
261331164
101488861
774379742
286071007
142776544
220895453
604936415
22485226
745543922
532617458
527079669
122165501
812947710
697571591
697669898
565811469
167647505
666933524
968825109
894245142
233576727
284629272
286431521
623024427
3741999
527571254
638523703
974231865
817207613
90118463
157653311
507320644
863738182
398301520
693049690
161192287
258218342
271718761
602282345
504568175
116136304
584292737
169220481
899258755
153852292
4200847
116267413
255990168
631413145
609950112
730995107
780605864
862525869
556079539
298326465
238885320
696818121
597498312
757406163
206936533
850663899
163420640
611064288
610114017
133831144
119577089
859642370
546511367
368155146
313203219
514857493
673520151
768219675
116922908
377756191
896145958
695147057
552671794
276666931
683711033
240458300
311892547
385915470
207755860
699013717
335682136
375069272
536779360
265624162
115841635
767335011
346856037
799447654
382835303
764975720
789322345
902306406
503880328
246684300
299866766
332798616
136419997
598481580
112368303
312941235
105945780
270965429
4528819
397548219
255269575
808164040
118266568
141171412
120756953
387390170
530717405
519248607
763173600
158702310
138549992
510008041
154344171
676141807
727554801
243178227
593828600
696392440
157653756
221715197
139795196
639212284
617323263
369924861
257137432
142482202
865475354
759208737
76454697
561093419
865671979
260774704
132619057
109779761
701471539
646257460
973151030
752294712
152476473
261069628
260086602
323820362
270244686
140680018
624106325
376118106
254090077
119446365
274307943
101849960
302553961
168860524
534322031
141171569
133929845
967089020
2333565
115841918
130849666
320609156
781065093
801282949
393026438
318413705
161782665
898505610
687348627
522722198
426220444
694655911
696851372
154704816
157162419
122231731
356981686
701963191
163453879
943102907
165288891
705043391
530717637
303799240
867933130
114858958
398760915
128818132
558799836
246684651
230333425
504241138
643701745
858659828
644324343
320314369
339221512
559291401
25598989
365829135
511122448
535436309
27958294
905387036
363961374
269163553
155229230
773889071
741317682
118856758
124263483
274537533
330439742
402529344
329358403
753278038
865442905
312843359
398761061
425958502
519642221
774904944
320248947
732699765
615685237
267656309
742366330
508173435
531078268
299867259
506633348
533404812
845094030
121314451
510762132
23633045
376118421
261168276
845585562
155327651
264707236
130030757
908172453
90119338
547921066
731716785
802167988
150838457
150936762
155327674
154999994
244096189
401874117
375364805
599497938
388766944
144710880
629710050
314645732
393026789
10001639
726441192
669359337
842636528
324672752
801742066
519249138
263036148
766975221
132193528
827268349
58367229
130850052
130194706
144481558
117251354
817208605
168697118
757407005
618568996
516660523
82222383
790076722
911252786
142646582
859807040
255565120
348233027
424844614
748821831
544283986
155622741
593993047
792894818
347577700
745545067
136224111
150510960
246586737
122232182
213425531
30350717
393289086
840998272
556080515
277159300
864755076
277814666
590159248
329588113
221715857
367238547
343219603
359079320
706583964
393289116
776445340
155688352
273227173
388177326
144285105
156343730
510008759
760552898
846142914
339025348
786996677
845585863
343514592
31071722
75767274
651566573
258973169
222731764
160898551
3513848
354459129
619617789
278175231
157916685
604937743
334372371
137010708
367238675
267689494
607329814
6790680
862199321
304520728
945495580
143957536
132750883
790470185
546545194
766713387
221716015
867442229
269459014
115908175
143826516
164699739
383229538
798826082
116104805
653631090
812949108
271064697
137830012
283975294
83140223
160636544
519970442
326311565
585571984
901193361
388505235
272735894
211459735
694656663
249175709
143826594
257892007
758619817
539369137
897097393
136421042
428613300
528686772
305274550
288562870
123903683
287973071
118038227
142024407
127835867
369434334
358489826
108764900
524525284
744431333
334864101
233348842
535043821
160898802
237477623
748789497
334765822
1613573
733028103
402202383
734174992
693739284
248389400
130522906
567516956
346857257
153231148
275947313
611032890
344596283
945364799
250257222
89202511
371859284
206610270
424517472
167911264
307339104
365502311
120758123
610049901
276111214
858627952
356589428
254451581
345284491
232857486
160702355
150151061
140025750
280731547
260022171
649076638
278437799
845586348
372711346
235478967
559685563
264478652
428613571
126820294
846012362
256974805
158703577
259301341
782802916
269754341
156999656
796631017
819437544
538353643
524197868
128688111
249176048
250945538
314122244
956473349
647798791
360423435
404168716
510107666
116269080
697147422
863477791
169156641
22159395
23928869
154214441
359047209
596189230
140877873
692756533
944545847
664936504
281518137
547201085
388505668
392962125
366321742
521150549
643735638
668541015
899883105
802955362
138518635
636559469
115712111
130424947
114827383
92938363
256090239
146055300
206479494
894017674
238461070
842932372
258121878
111779996
223518883
279224488
787128489
394993838
63086768
697082033
515514551
377364669
164569278
751607999
640426176
82649280
774676676
306028743
130359507
123183316
801743062
727523543
910500057
755835100
696787165
251797730
704717039
168108275
670867700
723198200
330932474
358818044
114630908
748298495
140878085
272507145
394174729
55255309
309207311
551854352
784605455
545300751
695050520
382607645
368124194
722280738
814358820
517447974
395026727
756097319
235872551
255992108
402727218
234725684
945922359
608837945
753672507
857743675
523542848
733946177
969843014
150053191
251601225
901849422
142549327
148578638
262971728
267690319
528359760
264708440
368845146
266740064
255271264
895656290
80060772
282992999
283025774
687415667
158703988
745841023
122757505
398041476
269132165
722215303
253993352
693739914
1646987
828744074
342040971
520167823
69804433
156082580
207757722
532259226
116367776
334832039
808100268
676110765
402006447
744858033
520167858
534684082
393159102
75964864
212672961
155132354
164307397
539894218
265429459
169320915
257073621
130032087
845193690
237478368
288236005
862724589
263102959
142713329
377364980
87892471
325394937
302326270
383361539
665297412
131277317
159883782
518234636
677585427
113582614
820421148
248652317
559194657
799318562
132260385
402530853
124068398
279126575
297837103
337977909
135438903
376840763
621748795
86254144
256188993
16097858
4694598
903881287
900801095
891462219
3908175
216965717
3187293
154968672
606085729
603988579
772252261
905421417
389390965
141795958
311698044
157393533
800957061
904864390
165290633
112829066
349577870
272736911
127705756
236921510
275292839
113025706
120005299
156213945
760554171
537502401
754262724
3908295
253862605
506274510
250946254
34054864
338436828
600646365
377103070
762290909
893395682
250258147
309601004
550413036
213099247
136684274
851092211
550413046
620995322
319005436
549004028
509846273
757408514
946184965
399385351
526787344
319038241
802104102
137700143
150250292
293479223
619782971
156902208
429138752
116597570
156377924
235086664
772416332
131736397
962241363
693248855
110207834
767271770
393028445
158606174
403350367
161719146
151036781
910467951
696263537
314352503
723919736
647603066
351347580
210903939
942744458
326804364
256189331
961880983
640754586
909779870
902669215
535798688
773563298
30286755
698983332
796631972
552444842
243639210
767271853
817210288
397353914
216966075
256844733
944710595
510370756
764879821
641082319
391979985
324051929
551396316
589833182
783229918
510698471
30974951
272114665
26223600
430777336
900146169
212083706
808985599
399385604
516203525
294659080
808494094
958702608
969679889
308945937
357606421
592716822
626697244
22258724
634922029
150938670
634954803
382805045
760226870
118170679
952149060
778085445
210117713
138028113
130819155
638002261
730309718
819340374
801023067
861276
507290717
609330271
512009319
309896297
158934123
766354544
140026993
212509817
150840446
762848387
324936837
328017029
118498440
129410190
316417166
113812638
506897567
140453025
155952290
119841957
338666661
371860647
352134310
800498856
511550634
318743725
862495922
870753458
972137657
693707965
141927615
635872448
586720447
378807489
802170056
137766088
758621388
282666191
269427919
275227857
318481622
540484826
148972765
606905572
56272100
298525930
426255595
124593388
52733167
250946808
74720505
559686910
868295935
1002546432
759080196
367797510
377398543
799319316
732407065
309470498
167847221
586261815
88548665
266020154
138487099
29992252
392734017
346268998
693216583
846701903
234136913
861447512
646948194
611067237
385394026
138716530
546186613
136488311
542188919
998417785
127083900
93365654
364324250
505652634
1189277
304162208
388998560
142779812
748791209
278865322
561096105
279127469
545236398
678372783
742761904
391325107
547235251
143828405
141960638
726869439
264840639
611034560
684729792
754427331
863479237
354756041
310617548
326837712
130393552
257271249
311141841
382838227
569746907
209987036
21865958
133834216
152511977
119350765
553231856
335980019
392734195
807708153
342566393
210183673
289482237
325428734
760882688
759277059
346760708
365569541
136750609
223389210
246490650
974366236
216868381
256222747
772023839
398042663
269559338
639247924
122562107
309405244
24487490
359900753
265758305
602744418
754001508
248096357
401843815
815965800
704390763
130131565
89073264
153233008
2729587
13903483
362948219
116991618
315270794
753411724
267396754
84780693
146744983
559294104
869836443
129279647
145860268
219752109
261400237
698459828
267364022
114665144
541107899
156837563
857188034
358426308
867477196
624469714
523577047
265266907
393291486
287516383
92284641
217753316
135669478
349841127
304326376
118630122
808494829
285812465
905783028
206841589
964077301
683124472
237643514
126232319
308881151
510732037
359048968
254519050
391653132
256943887
245999377
245835538
789915412
939337492
643737369
367109922
517023525
297215789
624797489
331261747
244098873
153233215
157787975
158934857
827893577
140945229
323823438
121481039
618669902
262907725
817211218
269789015
303212376
695641953
153134953
266381168
355575668
119449460
30451575
167978880
267134850
398370699
107849612
695019406
789227410
259991447
668903325
10364830
339814305
317761443
755279789
115943349
251504565
807315382
558475191
893691829
787556283
610510794
273688522
522856405
269002738
233023482
325822461
244164607
301115393
808495105
143599617
396371974
236824587
250193933
261924881
156805137
275458069
223127577
337356831
26716195
568404006
610576424
379299888
29763634
294561846
136685624
220014652
568272960
609953858
212674633
103393355
269133901
352135249
209528913
237643860
313600084
343484503
967649368
374810714
323528800
336013415
372910185
206121077
302721142
1878143
216967299
290171021
550643854
210905233
245835932
335063196
611068060
797190301
347449507
289482925
335063217
762423475
107653300
138782905
539895996
248031422
908830910
392210625
549005508
850831565
944548049
231319763
257894612
125741269
521185495
346761433
961358045
518891744
134752483
136685798
423569643
276015353
167979260
341289214
30943487
399386880
696854783
168995080
897853709
671295769
143436061
539896093
271165725
250259748
867969325
255732015
117385520
516630834
809052470
243444023
323004732
393488707
1157449
161687882
540518733
683190608
218999130
250194276
697248105
313633133
114993519
231319929
403417472
139340161
355707266
3647877
20097413
809052550
693807500
870492556
746236302
264939922
373467542
3844505
232565146
120662432
267692449
319695281
772024757
126659007
264710595
307112397
95857103
222472655
256616920
342567386
757639645
269658590
248916447
267758050
327297508
129673703
786967018
251603434
342534644
334735861
289876469
378382839
697969140
270969338
685615620
135866885
130034184
969878031
510700050
258681366
117975577
288401946
212970013
139340318
367766053
142354983
107653696
115747406
148974158
6040147
249113174
115059287
807545434
109161052
77376097
759278178
293382755
245836392
291449450
112274030
127806066
149793395
758884980
305015412
764947060
542648959
781298308
696789637
744106630
604023436
695249553
116304530
390408849
828746389
298396311
250718878
596847274
278047403
300591791
520530608
255568564
303540918
341224118
378383032
766978748
4041410
508865224
299248328
118172362
673491661
328608464
676997844
891136725
120957654
651635416
700033753
35891928
509160161
759245538
396274401
370092772
347548390
344402662
253995757
308030189
108571375
167815923
595700467
386181880
618736379
398928639
268774146
371862276
385166084
774351624
664447759
265169684
322480924
558836513
118172453
894806826
625847087
158542643
251374390
507325241
314387258
158280508
151137085
122137406
150842177
24161090
610577224
127773519
309242709
505949013
597437269
568339296
595929955
424258404
265268069
546581354
554969962
508865389
859941742
751610739
754035572
553757560
701475705
262187900
755182465
319695746
281291655
317860746
619785099
756067212
543107982
240561053
397781921
971287458
319466403
206056355
377039792
267758522
168897468
534981564
866298821
290532303
235875280
563653592
121154521
112110554
760753115
392211426
695938019
114338792
390409193
423275504
122498032
274017269
807349250
157887494
248622094
1584167
10595367
115026984
681126953
316156974
528362543
563653681
2206774
138226742
696101952
268938305
571878473
168701004
367995996
742370403
256355436
895200364
760163441
1748086
220867702
309668986
508537982
145796224
1551489
263203968
325954692
395390085
808463493
370158724
119286916
665300105
239381643
946285708
368716946
116436115
584199316
136621214
133082277
108342451
891268282
116108476
305114302
740043973
263302345
693972169
250358993
154971348
70200536
258649305
251374811
905981150
257273056
256388323
231156967
381168872
277228778
243903723
24882413
753642734
135474417
363048178
34417909
607562999
965192954
269233405
548547838
698920190
93564161
557231367
506637576
216673546
723102987
239643917
765308175
808201487
244002065
892022032
846277909
767798550
756657430
144944409
555429146
344730906
3026212
758951205
667036967
214183209
971681065
823078187
97561903
118893872
215559471
116600115
272739636
167816502
357903673
126758203
899001660
559263038
537931073
968305987
326315334
117484870
164474188
299052367
150941010
280178009
295316826
311635294
145042786
286535013
545729896
264449388
144485749
571321717
3779957
113814907
423964028
104639869
582528383
340962690
251374986
707014027
128429460
77082011
617426336
150941091
690564522
273493419
168865198
697150896
624831922
556969396
372485565
558804413
133672393
368389585
974007765
239676889
125054427
86420956
529051099
999894498
370093547
266513900
796012013
531344889
551824891
999927292
245837310
253505022
803253761
697576961
554577410
742010370
607759881
586231308
289058317
311176724
910274073
549432858
159034918
687517222
139472427
759082544
207564339
303279672
2141754
319499841
788901450
131313229
633548366
220769876
281521749
273034838
230895192
119287389
301444702
284044904
139832936
165195368
558313066
633548392
809938544
372059760
794472052
221425269
278572663
964898430
351350399
267169406
141176446
5090946
909094528
609496709
723398279
702492295
804073096
696757898
653438603
155528846
532000402
567520915
372125337
609496745
758886062
558116527
321924787
632204979
165293750
817213110
320843453
129281730
571518661
264449738
261795533
801287895
675524313
234303204
113946340
206319337
271068913
287747826
859713270
902016758
372485878
823078649
518237949
256454400
140553984
157888262
214478603
693219089
391655186
316059411
733589270
117452566
761442074
700690209
996192035
973418275
391458595
753020707
383659826
544878387
807317300
338931508
135311156
133967671
910503735
258748226
604417858
128429895
306786124
535801679
641511254
756723559
389033833
338177898
692006766
4403061
108572533
549007224
159395709
595603326
328347519
860499841
18820997
317828997
612970376
564473739
245804941
251604881
156970905
902213530
532262819
265629608
537931690
248033198
168243125
290795448
735162298
268218302
644886463
514863038
396668868
760524740
150646733
249114581
148516823
405465
549007324
21344230
734474217
402730986
325824495
139407351
137277433
254521338
265859065
129249274
744402941
120664064
627191810
257273865
341815310
164605966
143208470
137932826
692629539
624078884
388411432
108179501
267268149
509521975
623456314
134361147
798896187
135901248
696856649
891662409
128626763
288567375
557756508
318451817
68792426
258846834
114569331
254718070
379596925
326578302
256946304
642527363
356626564
944550035
318976148
625586331
4665505
898347169
693252260
36941990
551825579
134820013
269758640
511553712
231190709
325791929
106803395
807350468
341487812
132427973
302231762
393031893
850473174
778121432
515780826
815968474
696332507
159396061
755806439
20099303
956510441
68268268
297709805
123023599
612643063
128921851
307278076
810004736
240300291
681718022
85504262
135246088
759279882
262517003
693317901
117190935
111915288
209826073
206450972
699543837
265269536
520204579
24883495
135803179
282439980
1618226
942518579
254193972
849785147
257470781
4895042
320319814
696103240
683585866
158544205
119943503
611004752
156873042
131314002
117190998
743223640
128627039
64205152
113783140
211038566
611070310
723792232
232403307
691745133
347091311
222114160
156971377
618574194
829763958
256848247
848638333
232862087
368849288
303870345
744501642
263238028
335393165
643019149
74428813
7942545
730771859
248033686
600519066
212513178
390410650
555889053
297513374
380252574
766947743
391328164
504213924
893694377
380318121
216969641
793588146
646984115
220574135
861450680
798863801
672772540
607728060
525775294
215069119
159232448
164147662
600748504
758100450
164868579
286536165
260026854
160969200
107819508
696037878
310030838
532001275
368882174
138523139
693023236
525775371
155529752
159396377
149172767
1003172384
513487392
365376033
396177961
27767339
128987692
799748652
143700526
264942131
160412211
259994166
549827127
598061627
759706180
810824260
602288711
607400521
840413770
653439571
760132180
668217939
60142167
505524824
17085030
365212265
250491499
600519279
386970225
397357685
255570550
507359865
151270010
267596413
909488767
118436480
367473285
686666373
609333898
256389770
260092556
304394900
619164308
937505428
648458903
389624477
24818335
212087461
611037871
800469679
161952433
637743794
906277552
530723508
212513467
276443839
262156992
298595007
274969288
258749128
968798930
333755092
510702293
11907798
902476508
207893213
233222881
2044646
554578666
237646571
506180345
76624634
509162234
157332227
369439491
628896516
560214789
365998855
141472530
141013779
218641173
117191445
267039511
762753817
161198875
265630494
371864352
3978033
310620989
905524030
249115455
355906367
67679050
366949198
391656270
533410641
378647378
155136857
306688858
648426332
561427296
606909282
221426531
270480227
54309733
153596772
388182890
638563186
821343091
393294729
144651145
257274771
156185493
909390741
128529306
373470110
148976545
727397287
609989546
567161771
267760556
57095089
517452727
545305537
168178630
124335059
112309205
372487126
506967001
937604059
156971998
270250975
256390112
119092196
392901605
861844454
250786791
248394727
339817451
355906539
260879347
7058420
247149556
373240826
860107773
75772950
234828824
261927961
694432793
163230752
334279717
107066409
145536042
79541293
753579056
549008434
540095541
343290935
555463742
754463809
265270341
545731654
858895435
223720524
30520397
505164878
565392459
146027599
507327569
389952593
323826774
82424920
748336225
318059617
8336484
152679524
593671273
369210475
366228588
524530796
693777518
808105072
511161460
206091391
213431424
724251780
809055369
625587337
237188236
276149389
964080790
599274649
772682908
11908254
168768673
795980963
640824488
748795055
331461808
107852977
668054721
558871746
5420228
271332548
157660359
209499338
967587022
791491791
807843024
368194768
258749653
534590679
210121943
560215257
565392605
248296670
207434978
560674018
860959972
266843362
248755431
310883559
342570220
520467693
968307957
306656501
293483767
349254906
4011265
546911506
555758866
603731222
800929049
240497950
809055525
2929967
129447218
59192627
389723446
943076665
59192635
816887100
511128894
970634561
506279235
150615368
247543113
960935241
156611921
555005266
161264983
140522845
330184031
905983328
376092002
271922533
208254310
542389610
367768938
152810861
232568177
273692017
612054392
329266552
155071866
126006651
673789308
696333704
891139467
532264336
511980947
622998932
115946903
164378007
391656857
370619802
2864539
207893918
553334175
766129566
387200418
26621347
127743395
127743403
391656881
552678833
1127862
809055674
213398974
611005888
132134349
763606482
270317011
322188758
158086615
142652889
404174298
504837594
75773407
507917797
391656935
363410919
698922474
798111212
520435183
83342836
329561588
132036090
632894971
592754172
600815103
536524290
633550343
602813971
299054612
218052121
766064158
651605537
236926498
821343779
521582116
299808293
526792236
262649391
810825263
511522354
762951218
425539123
605566517
256456254
111654462
141473345
257996355
538719814
155924041
787035726
554579535
63452756
505919061
126039645
132134494
140555871
533411423
911423075
939210354
823080563
535443060
124794484
754890366
135247490
130365063
524793482
367539852
551302797
104740494
560215696
160216721
553825938
280442521
269498022
909555371
371209901
1000552110
124040879
670185136
319633073
379598521
343291579
391165629
121550525
961918653
169195201
366851777
542193348
145602246
242955979
152286924
280934094
210024146
675591892
145012440
342308569
745879272
262977256
270382825
670840554
611006191
905361136
529872625
619755254
956151548
21739261
902215426
239777542
3716871
318682886
584857356
897005325
281818909
70432542
366032673
267761444
548288301
375666478
903919409
590165809
155137844
167753528
599734082
140556106
694466382
867940181
392738646
3356514
609957731
777172842
130660204
338966382
384612207
902084465
379860851
279951219
754956147
597440374
688469880
333100922
745224062
146061183
266516353
159233922
268646275
939669380
360888200
310884233
754431881
158283660
514832278
951629722
254818205
277067684
347781029
392902565
164313000
212776874
395982764
143112123
904083391
219756481
639907779
524793795
108541893
612972485
389953478
865318858
33306571
157988814
803518415
167753681
567162834
66271187
141014995
627062743
160643034
215267295
233388001
902215670
402929655
245905401
787527675
350763004
168245244
257439744
534034437
568965126
163198983
267499531
302266380
332052491
260945936
753678353
329037843
367015962
128366619
120862746
337328154
962344994
4700197
114800678
284178470
591345704
675002409
561854506
696006702
23967791
702265391
974993458
510670902
221689911
266614840
606124088
769865786
561100862
324319297
240564290
229881925
68368463
81573976
254195806
2537571
730609766
505198695
554612838
164378730
807876715
791656554
213399661
246102127
403552371
126269555
778549370
123713669
138459274
585480331
108771470
154384529
87210129
234797202
276347027
214841496
85702808
266844317
94025890
547502246
756365480
790444200
154122410
145766572
4536494
256129199
237222064
289487025
132331702
510769339
128399552
691910849
961755332
555890895
235157722
139245789
4274400
898873578
138787051
827898095
671987960
747419901
128989437
848869632
379861250
504543496
974993672
647772434
302004501
532265237
609433884
239548703
758561055
210909480
36616489
162183466
131414321
379861306
701512000
646953286
119650635
748796236
5323084
3946835
273824084
143112533
864762198
260192600
607598936
236829019
285587805
216873311
259897701
267008361
168081770
118274412
111753586
118143349
683161980
511523202
229882248
373242250
549829002
337983893
119552406
800504222
148912548
232602021
313702822
380287399
117422504
634960296
335657381
521583019
261536167
249346482
340113847
261700023
154220994
266189255
209009098
648427979
697153996
779991503
391330258
320879059
342931926
754498006
995604953
368982491
610548187
218544607
116210143
775305699
316160485
235911655
126761448
236534250
800176623
790870516
952252935
670775818
391657994
563231244
611039756
263338512
514374161
337328660
263272987
32815647
748599842
621066787
629717542
962738734
34060849
393689649
393820726
65911357
280410692
345258565
556448326
212810318
330152528
428096083
231193175
258652768
744503905
388020832
870464098
32684652
233388653
423606895
596621936
702265969
156416627
4864631
168245890
681622149
265140874
264813202
754924182
152058527
159234724
150518438
640826028
269105837
156449454
424852143
539146927
535411376
339589811
424852149
696597174
704395960
112605881
971717309
145603263
777206474
3488459
243808972
891665104
234207957
125942488
138525400
505920221
698628834
248822504
559692521
165395182
128006898
292305657
151501562
221395707
165198591
807320320
363412223
309443333
692697863
120994570
992754443
910015247
813906707
378452755
729299734
115424023
402012953
687422235
532724516
566639401
803519275
562182962
129022774
730184503
3095351
156089145
332151611
550976316
618183484
114703166
121682762
217627484
733920096
137083745
680803171
680082275
214547302
604126055
341818224
229882739
259668854
516963193
907066236
815184765
269532029
696433537
944847753
157432718
1489806
603995028
320060310
266648472
391330717
739883936
648035234
904051622
856734631
815184815
237190064
143506355
254819257
723401660
145537980
280542140
612055999
150027201
265698252
301382605
801749969
355646419
214547415
666385372
143047645
3357665
940555233
697154530
122371044
347782119
551369715
145013753
262519804
722320392
848182281
540949515
861617168
648428563
275430422
35634199
864730137
866827293
231324703
896154656
961231907
229882918
429177906
862436405
268024886
219003958
379436089
332053562
1817662
239811655
504872009
863910986
846019661
898088014
697973840
256392274
152288343
748502107
976567402
164379755
742341742
146193525
742014071
125615235
697056392
396278927
223820948
168541334
103758999
999210143
126041249
698006689
506969250
946191523
208026787
542260403
161430708
287816884
569752758
560184505
734903483
158874813
139148488
157924554
732183756
755285197
117619918
350502103
117947608
515521755
210189534
3390692
591248615
315800814
335428848
302988530
1621235
624835827
251215101
266616078
342965519
858340631
371244314
810827044
508575014
869055801
116440384
740179268
610516292
550911308
544587086
369114447
351026512
668777813
302562648
694009180
278609247
2833764
269565284
221724008
863681900
733789555
275889524
271629686
344964477
158842252
519257484
386481550
519617937
762723736
347553177
599670177
906149281
391658925
785235379
866696629
764984761
860863934
38092226
392478148
336248265
764624337
295943634
112016851
340180437
364789209
351354329
310590949
314588651
207109631
430816768
365215234
309935622
28524043
506281487
511131152
995966480
665894418
695811604
3980821
369114646
785006109
3325469
243744287
333757985
115588643
790380067
730185257
246595117
697024050
376716850
868367922
122797625
669892153
365575737
121126461
321830474
755023444
112803417
701185634
731364964
388218469
597442150
392412777
289717866
239517293
129580661
128007799
752696958
290897544
135806604
115359372
507657868
128466576
115883667
213827220
603733665
807354021
256786095
606650032
158187185
589905590
616513224
760757964
610582221
163626702
122044119
527384282
2932444
265961181
757546721
2244322
5029606
680673003
532004589
275824366
395394800
517324530
154615540
646233846
424460024
339885827
867712771
394903300
952581897
565329676
143965968
375045906
858373911
135249692
320585504
388185889
72302377
244465450
313737007
637091640
394903356
596197190
404176717
274054993
386482003
270253910
16007001
664452958
368328551
255410041
846020475
758857596
397787008
129580929
234438530
512704386
937148294
273956748
132267918
129220498
157761427
153534358
264978332
822230941
214024094
343818143
223887268
271761320
402735016
590462890
528301996
757874604
158941103
956252080
337330096
268910519
287948730
365805500
376815548
208027585
429899718
766951372
705609677
264552408
128466907
741588962
129581027
382058468
851591142
741982186
511098863
213401586
397393908
234405877
425541621
361512951
308559863
642465785
158646268
248299517
290340862
815972349
815972348
138461185
398376962
347127811
3194881
741949445
384614414
136232980
128008216
647839776
347127840
606060576
701218852
316915750
391168042
230408235
680214577
869482548
213401654
165101625
134037564
142557244
246104126
234602561
905199683
254361668
266846279
207110216
257835080
640335946
526434375
788185166
698925135
288669776
974667856
164315219
209895508
689356883
852574295
321568865
260096102
533020776
217661546
894025834
71024749
847724657
37339250
157565043
140492915
937148529
360792178
945209464
332021883
856637567
342311041
270385283
335069316
256458885
537968771
4079748
758595719
32751754
858112138
773275788
801751183
394215567
639942799
851755164
149045405
159006876
239517857
625590436
396837043
512737462
892715190
29278392
140624057
277725376
163823809
867156161
267665603
151503049
600817866
745554122
335659211
695582925
208715978
626213067
266059984
695648464
335397088
300859619
758956265
510345450
1000325361
229884147
345391361
600817930
842940687
284475666
145080595
223527196
57098526
962347296
116834596
206618918
601866537
273105197
541704508
802963775
293880130
274088261
686047560
515490121
116310348
864436557
558809428
550158678
745881943
698401113
119521628
243319133
207569250
403423596
117358958
862273903
211796336
430293365
361152888
648429945
256786810
3228030
349880705
515522945
143671692
609960334
142786963
231063960
304202137
217268635
286278044
207700381
544620957
554615196
561430950
403620269
827900338
311181747
669368755
904217013
390414775
731496888
124174778
275792319
293847493
285295048
212255184
869941714
108708307
326320597
273007071
4506081
394707425
36061667
218644961
157794792
646955506
146522611
167887348
232407541
867942905
553763326
156582401
131940870
255836679
899858952
326615558
556974602
115687950
266486288
251347472
101171730
154616348
247087647
260620835
338674213
111165991
367018539
799293996
376717878
858341943
585482821
268649040
208028244
522830424
851755615
373244512
647774835
263242360
847725178
145769083
325468796
851395197
163332732
143344256
338444931
691880579
606552714
118801036
725402253
128008846
540885647
165036688
785859221
865944214
532628128
704463520
155632291
267698852
163594916
60834470
122241700
144589487
369672902
391660230
131187400
607896263
223527631
384516817
160383703
208552664
3162843
999342815
239354600
267829995
394904300
329302773
385401593
140493573
143672069
208487179
95044363
168772370
398017299
216777496
937149212
269796137
340968236
244466480
538329907
607732532
403194675
320586550
997245751
726254388
869516089
337625914
132236090
116835124
216154945
265536326
367018823
112968530
395625301
697582423
3621723
238764898
807125862
506282855
850576235
238895982
675595121
273728372
292275067
366265214
234603392
507659138
941409155
610583432
786252687
808141713
97665938
370787220
561890198
278184855
267305889
746570663
521192369
142656434
867156915
600785842
244302774
971719607
323273658
554222523
427148226
111985608
149832654
114738128
114869201
289653718
809911260
110674909
371639268
382059506
122045432
366101498
207373306
213402623
267568128
132006917
667698181
293880846
785531926
141706265
772359202
539083812
259867685
941016105
598688811
164086829
304399406
138888240
749585479
848381001
807846988
611271757
114508886
342082646
134956119
206685276
354829408
746865761
272450657
263079017
247121003
424494188
334775411
428098677
151471233
823903363
542262403
382059661
2213008
268289172
610518165
255378583
99763351
119162007
729859225
156648606
424232104
266093739
566772909
619168952
512443577
276874429
159171775
393987270
729793735
751191240
4113610
236930254
5293275
756860131
242762987
640337131
344376558
303023347
393233653
2442486
246072579
551830791
139117834
395003150
898909459
561857812
168379670
530171162
267994396
119129375
388023584
134202658
218645799
597083431
897631533
753976625
358794546
29181241
130696506
680609081
952386883
130270532
150291781
234800458
238142795
505890125
231195983
429573460
221398365
332350816
755287392
212649313
297420131
121062757
569525607
392676712
609338728
255608170
362562923
390415729
263243123
236012919
375113079
428623230
515196288
748504449
550421889
248333705
269665676
149439893
3130776
749553050
164283804
425215389
251413918
632243616
534070688
309446050
731071907
248858016
359515559
962643377
280872375
730645947
900023744
280446401
755844548
603735496
1000752589
278840782
3982805
370165213
308659683
261113316
692405734
766363110
135677421
1132019
270288372
283362808
136627706
740181499
640337404
621921789
841958915
386483718
142231048
259147274
301975052
320226831
262653460
4867608
695191066
328615452
267994654
131941925
702498344
247154216
310330923
803882549
16533047
213829177
570148415
1002620484
331269705
317900365
136627790
759023182
144492116
247154262
162219614
135677534
114935394
260130415
388023919
208717426
870991476
640829052
161891967
131909248
969688704
342673027
243189381
342541958
267765384
935564
215271060
747685525
269633183
746145456
365217457
27575990
69158583
512018109
30754500
260523717
258852553
318424783
674252499
118441689
262522590
306726630
865289963
111068914
164873976
815187708
140101372
144721666
165037829
899925766
271075077
848381704
131942158
901039888
828032785
686769940
810927899
154126109
756664097
775309107
272713524
677070646
371148603
22726460
146392895
1722177
272451404
169363278
822429520
594331473
734152529
307775315
429180756
394708820
570476375
890357591
354207577
556091225
272811866
397789021
156780381
1165152
865716077
890390384
86329201
277071731
257345397
30132086
114313087
746112896
258492298
268126092
694601616
427411345
561432470
529057688
212420505
161204123
637749150
680150949
258000807
130041770
338446254
216156081
529614772
725895097
606521280
286050240
808503235
617760710
151472071
734480333
770721750
347129816
138528730
907069403
341297117
63719398
746538983
809027561
909723636
140953589
695584758
589219831
118114296
705939447
216156164
266094601
564447243
256329741
210913297
976275474
360400916
340969494
279824408
138725402
372361243
818432029
222218272
156387360
168773667
529614886
859031594
336513070
157075504
115656760
840943672
685492283
128141378
517326918
342542408
266094664
239519823
759679059
722290786
169003109
323405925
348506213
271894630
298895470
378992
262948985
571852924
391956607
511559808
428624008
262424715
4049041
209897619
944556181
263243932
270977188
592988325
563792038
88197287
257345707
582240432
132466869
213960887
31246527
258001091
584698051
397199557
257444036
741918919
693979333
766757065
733071562
511559883
758139087
694536403
529877208
262195417
239519963
561137886
31869151
799230174
628050146
110086370
515229925
596986087
844318955
128927991
392907001
164645115
556091644
691915014
603998474
361416973
910248206
237979922
222611732
218646817
247286051
253675813
348211496
403949867
212781356
5425459
518539574
540494134
167823673
748767547
808110400
591612229
369051976
109332810
529025358
154880340
133941588
167725398
389957977
543967578
860506459
828754269
4671838
797198691
116312420
31639927
866503031
278645111
546916732
128141692
606521729
650103173
4311430
156191124
122046869
383928726
254822807
264554914
808503719
326224296
250726842
582437307
29051328
366463425
509135300
316918213
335071689
369543626
270387661
150227407
158222802
424495571
595610068
868862420
866699734
744573399
340675030
727697880
969180
857885153
847301091
167889381
611207655
393234924
533023217
900745724
386484737
529385989
322816521
143182346
266848779
321440268
58411533
220154390
371542560
71191073
259181097
390711856
156420659
260131381
151472697
368429632
513952321
521914946
229886547
262294100
859392597
263047766
4115031
844483160
374032988
393235040
369707618
313412197
263080557
262294125
269142646
2574967
688573056
168381057
547211906
617302661
815975050
527616650
234801809
59493011
723798677
266324629
522832537
611535525
590334633
943540905
761186990
255019697
115755704
808110779
541936320
344967875
697584331
212421331
937708244
138398420
338676439
108153561
808471261
126962397
623037149
168381152
299518688
100813540
530172644
557304551
607767274
117426926
402737903
379702002
909069043
381143801
139479803
339299068
124177152
298339075
261999364
156191493
814041860
270224142
859720472
277203745
964447012
807455532
558549810
345557811
621693748
605670200
800475973
596527942
842943305
600263499
862767950
266324814
146099026
257444691
744180563
319769433
694438747
116706141
114314086
364039016
869976938
273468267
110381932
280546159
895830901
138333047
508873591
538725242
156519293
553307005
233393022
858344322
809061250
305810313
117263247
744377236
118311829
367250325
250203031
541739929
164776865
38751138
115428264
221399987
115657652
594955187
213830579
379866035
512773047
4213683
266095549
163630014
424037310
349883331
232606660
378850250
843926477
213961678
424233938
777210840
272518105
695782362
282446811
693980120
941050846
399199202
552979427
748211173
787532775
248040426
361810923
258853867
5327853
164908013
210586609
115657718
827902969
426724346
321211394
723405832
221432847
260426774
267668507
264424477
382422046
741297186
157076515
294538276
210750518
86723643
378031168
288410691
206490693
117165146
846679136
257903713
509922402
350243938
118410340
700402789
237980773
510315624
208030826
118639724
288705647
164973681
863259762
961760376
975916153
278580347
282479740
537480321
86199428
674286725
1068166
686083207
697158792
512740491
260459662
859720848
142855317
134597785
129911964
866634916
320588964
245877928
164220083
236014778
645024968
811551945
395168983
428854489
248696026
429378781
112053472
605572324
398281956
821775590
610487529
315804910
938986739
128863489
391662856
867978507
120179988
145280278
4574488
828755235
694570279
7327026
758926648
823086396
688934208
142626115
108875081
868404556
215567693
125324626
146394451
286739797
130895190
391859543
1002982745
320851295
129486178
610127206
120638824
141872494
258297201
293391730
238177651
346082676
603377012
215043447
735137147
591252862
119328138
127389073
392220053
369020322
62377379
160222630
560680364
115985836
117001651
158813628
342183363
117329356
129224142
515493338
705449434
164941288
126569963
567889389
766987758
674352625
754044402
893210110
146492928
777637383
693947915
342969869
282709524
248401430
722554394
218648093
5492254
238472736
701189670
941313576
128011817
131747369
670223920
4247090
971001398
379375159
794840632
155995702
595611201
810831425
126144065
352570945
260099655
378818120
127323721
676548171
391859788
245976651
966872657
939642455
212422232
609341017
249384540
268684894
213438047
102682215
572313191
7884391
782093934
367545973
139021944
517721726
150064766
270814848
161664640
274058887
376524430
257379983
5295760
385142419
307252886
667668119
268488347
165301921
643026599
239685289
605507245
344673976
549441210
141545148
285429438
967102144
352014018
388419266
347786948
969789122
326061766
532270797
109989584
245878481
375049937
146198231
817811162
426725084
537480929
394710754
511135458
160222951
346246888
319049457
515460859
271142658
163565314
856379139
168054538
556977930
142724878
696602383
587550479
697683730
164220691
157536020
745393950
247090978
118607650
392417064
82988849
262950706
212422454
211963703
333139769
568348489
790843210
356962124
267669328
511070035
340545364
353062742
747294552
149376863
250629994
767807346
769871731
606162803
115330932
212717426
137580408
396185479
215797641
287723403
120016782
610586511
390418319
164908946
391958420
269242261
895537045
391303070
285200288
152588195
607014820
632868774
282534
347525033
209342378
161992621
244174767
124309425
338939830
214224823
697061306
905564095
109629376
731467713
598069191
126603207
57823178
554651600
809357267
138039253
129224666
598527964
268849118
599543775
516214752
67325929
774127
611045360
157962224
393236468
565759994
731107323
815976443
8048638
151441407
427773976
505892888
529059877
611045415
722554923
723767340
290377773
157536304
293359674
113627195
543510594
163270724
761942090
223531086
375148622
280186961
564482130
541282386
307482709
374296664
165433442
264589419
129486958
599117934
153604215
283594871
339333245
974246014
89444479
239390848
566218882
35246214
145248395
427085964
670781581
760533137
617730194
155275419
149442716
368726174
129487008
547213474
568774819
329568424
941871274
370626732
402706606
869126328
221728952
325537980
80531648
335728834
315805894
22728905
387535051
26071244
116216016
891867348
249254104
110416088
731992285
324718814
289100002
262197477
352506086
115855593
380883179
533025005
164712689
135221494
142168320
130175234
348180738
221729028
973984005
754438404
246108425
9785614
689262862
517034256
68210962
110612755
116805909
300667165
116379939
754012452
392220964
271733031
347525419
32231725
809062709
515526965
303321399
895013176
345002296
377835834
234017084
976277820
815976766
802541886
540070211
865423685
163860811
330387790
399626574
270848335
267112783
743166290
157831509
258855258
116773217
364794212
945213798
634179945
259019113
517067113
22401388
971002222
243192183
284971383
137417081
141775226
262197633
160190853
865096070
257380745
799789450
210424216
798871977
674156979
620581300
156389815
288379322
391172538
891802047
812339651
288772551
649613769
346771917
822432208
142627292
69423583
345952738
156815852
128340462
332059118
249254384
164090350
894783987
63984128
234508801
112382465
941478402
221401609
283148
760140304
817582610
127914515
741593621
119558679
547213850
345559578
129094172
349917729
274715173
652694054
540496429
335434292
396972600
109400634
309613115
325931584
553767491
303190596
808473160
128864858
259904097
115528290
105009766
129421926
224055913
223859306
732418667
562745961
247157358
391172719
133124720
532697721
139154041
303321726
640045697
334058120
312595081
859132564
540889749
618189462
602788501
164713112
858346133
207114904
568349349
158814886
384783015
209834669
744084141
511529648
522474162
121492153
394711744
115757762
121164482
331141834
250335947
536171229
531059424
5231329
349524716
958943987
526406390
585454327
391303930
1790717
391664381
807686912
627561219
974246663
280711957
148689687
693326617
157831966
753619745
513004322
779997987
131617574
280908591
370922288
354538289
772002608
120181556
768168757
217109303
843240251
851596093
669307717
258298694
321672006
240472915
946393946
265671515
308073306
706204508
944231262
249287523
112317283
943346535
87806824
787534697
379376492
321344365
744018802
115528568
218649464
340185984
867259268
544920452
847729542
109466503
565269391
155440021
249254809
248206233
590173089
34886562
223957922
357979046
209965993
628544429
260101040
743199671
366531513
382456764
168252361
129487819
129225677
158225357
375313357
813421520
110973911
298603484
121459678
239784926
265737184
121951198
272389088
4477923
698799082
214324205
589845487
117560306
234509301
905565173
396973047
766989306
781702138
561435648
124244995
603739141
697750540
32691213
19026958
349262862
753947669
614257688
539350049
127226925
612652081
247977010
293393464
617600064
310826050
136008770
119821380
154653772
274945106
272651347
115004502
424498277
5461094
248206441
388748396
365220973
84661371
156456061
394482815
539350148
222581893
763057287
645354634
538334352
235132054
632902806
157406361
851891353
759256234
598103211
169202864
278680757
330159286
345298103
168187065
247092411
256529596
705615036
118412479
367482050
135943366
391304402
347526356
124114141
956454114
207115492
210425060
5395689
138401009
216257777
126768373
634180862
674256131
622449925
109827334
249255176
863655177
94033161
895210764
144725265
584832282
1529114
540988704
210654498
320558372
117789995
861263153
401790260
795989300
38327609
384390458
769873212
152950082
55334214
380523847
258561354
237851985
391861595
266261852
29152605
384030049
551834984
129127786
168711531
606524784
696112501
167892355
734778759
508548488
279991690
336975244
386487695
752113040
625628560
1267098
741037468
307942815
254924195
162059699
631199155
163468728
724227519
128243139
313382342
34231751
615863751
154752457
168908240
342971859
974116315
151279069
700372449
554620386
561763825
144954870
94197252
299030021
312333831
206001673
155637259
585946648
604657176
680187421
152851998
59856414
549836321
631330345
116545066
376821291
249353786
861689406
237983304
143545934
401790544
136205907
557307489
938169956
123623020
386094701
360437359
266327667
846714485
750605945
621401721
120018555
693720699
323835517
746182276
276616840
774330005
353654423
702109339
822400667
304076447
696407717
373479083
143185582
678942385
843241144
143185596
20960956
314267329
729831108
807032530
57857748
137418463
791762660
387438317
237065967
118970103
161437433
383670010
725702396
290150143
610588420
113006362
272652059
276551452
777180958
390256415
809064228
19355429
638310180
382588709
902059814
534337327
522770226
280418100
527980341
323016502
763615031
891082554
391305021
2545471
359159642
141776731
259479389
371218273
723081061
36755305
277501803
372430702
779638647
163567480
300636027
397465470
697554823
532567943
222746512
560191379
542594965
62052245
235886488
425547674
63952796
766728095
538498978
128243620
386488234
253679533
958551987
556521395
2807738
249354174
637786048
127293380
39278535
341497800
276289483
344938446
899798992
622057428
113367002
767809498
758634462
945215456
216029152
571791334
310564840
396974058
1000364011
118282222
541349876
248207349
327735285
624089081
267606012
941447167
139745281
645388290
554227716
399628293
54908934
107862022
975329285
845109253
114841610
353261591
287070232
257349659
517429275
141121565
223533087
384161830
321116201
531453996
276584492
538728497
285104178
751196211
114087988
628447285
258299959
757553207
687429697
428857411
130897992
307517512
610981965
384620624
370366544
391305307
131422303
678484064
895473762
326293605
363419752
310925420
148494446
360831089
275011700
247191676
686086270
3725459
117397665
272652455
164649131
329308332
700373165
209344688
399136949
392190136
556095672
290543802
250632378
135682234
517003463
311417041
670816468
522049750
156457187
312891620
139647206
532273385
97114346
124115178
129030384
219502835
142268661
167729399
910350584
3954936
144496891
571332862
235919615
154065152
522213635
372431109
165173510
139647241
290380042
127588621
148494615
743561503
392911147
53729580
114743596
677927219
128244024
627202362
610556218
325769540
905402694
427415879
303323466
38623563
545315152
321968465
280254800
816601432
811555162
529619304
584702313
84597106
1399156
110778743
152000897
360438153
698734986
120674702
551410062
122182034
861034908
127818146
212425127
589846955
121723308
524540332
850909619
113007032
951572926
209213887
164649409
789305794
119462338
355981770
265968077
519395790
518216144
583915993
504322527
910318048
365582817
957536736
993614310
754407915
162126323
256563702
938957310
169368063
809851403
342940172
110746125
116152844
161569302
162126359
161405469
542235165
164780577
158030370
325212717
113498675
352836159
404183616
754768451
239360580
596236873
556948041
423975501
557734494
753359459
328784487
314268264
817715817
114416234
14178923
678550123
117267061
787044983
164289147
810801788
506616456
289954440
524802697
511531659
556522125
271080077
151968399
139745938
582900372
72538772
208820891
282057372
765254304
3594913
808344228
236804772
958651047
266263210
168188589
340187822
613243566
753687216
357620401
279042738
260659893
725441216
139745990
527358662
207117003
164780750
137878223
556522191
272653009
236804818
210557654
151247575
207936218
686316258
5167844
429185765
131521254
133421806
378985198
378166004
149641983
618191619
221076230
554228486
310860552
110517008
246995730
906287894
750934813
627006238
320920351
669932319
250534689
92265249
156457763
145021725
744446758
137485095
619174699
116022061
334781229
595024690
130603838
774888255
206658371
1002527558
282057543
211278664
528309064
217111375
604232529
691624788
625007447
1104727
139942746
272980827
944790365
797727586
251124582
215898989
741596013
128637808
543972208
280583024
785865588
141843318
532011894
335076219
245848956
529619841
673766274
733436820
549444504
610294682
790518690
236149669
685169576
395008938
294411189
22076342
164027319
168451001
237296572
787143614
583031746
529587138
136960962
664853445
994597829
315743185
940792787
392911844
156621800
157047785
280976368
653188080
809032693
424238070
109992951
327048185
156457982
358702080
744807424
237296647
246897678
532012050
108420117
509828120
28498968
244112414
861035552
5332002
312663080
671374378
297753647
541318197
868932662
157015097
3169339
570154043
59038780
153377859
153312323
138140744
128310347
533027916
275995725
785636432
320560210
965172317
218192995
595024999
136633449
747560041
763157612
314301557
143449209
890494074
753982586
843046011
272587901
237198472
121494666
126344333
807328910
158653583
261774486
157605015
259644569
891640990
567172260
369974446
589257906
942922932
29482167
153312442
808180926
309255359
388029635
306175171
807754947
259546312
164093131
395173069
698801363
155442389
782458073
135519452
638508254
161340640
267345122
4316390
261315814
4840678
395762922
308665581
369417455
340385007
343497970
206691573
161963264
323280134
368696583
896163080
279993610
95051020
3235085
746183953
382655764
375676181
395107607
267935002
639917341
217865501
144301347
902257958
29449511
395009318
959077670
539352366
343498037
272686390
619601209
7888187
230186299
352214333
141417794
207215945
963665225
538697035
294837577
3628362
395631951
107863383
347561306
758177122
630283619
598793571
124116328
334781800
522247543
149282180
618651020
163437968
610590099
127393172
130014613
286350752
65985954
323247535
789634480
621370804
817651127
153869754
125164990
325770686
565272008
141581768
373251535
561143250
117792218
392486367
558489055
136338914
238575079
102456810
608984555
250633708
626515437
242441713
535453170
79879666
106585588
396910069
245980663
358768120
559275516
754867709
274521596
941567
625073667
603086339
121265667
150724101
149642761
815881742
262004250
865820186
759225884
505175603
349265459
220618294
395992631
731176505
115957308
132865598
368401990
512745033
688053836
212852302
370171471
265870932
257842780
638574172
354049630
268754528
677109346
610590308
156851816
244014696
206003818
545742451
59235958
265870968
1531513
697753214
300637828
119824005
593125000
4841105
108846743
253615767
119594649
699293338
259645082
734748326
620584636
115728060
105930433
117399237
106520263
741301962
164716235
148922061
299523791
559996624
334782163
367255254
582541015
741105368
319905497
246996698
163438296
256138967
371842791
517005031
403398377
128966381
812343037
359587581
425287426
297656083
250208020
259809044
370302740
556949273
896163611
367189796
869850924
812343088
998432560
382590768
254435127
162062137
754474810
207216443
112058173
156262213
857399119
863657808
155574097
207380309
120807263
609378144
399368033
168353636
590569323
271605623
111599483
129032059
1105789
272260990
3628931
547512202
362962835
359030680
868736925
158916509
534339488
163602349
427548590
272588720
753688499
272850868
647782327
404185016
165371836
570515391
761388991
141844419
850878409
25386964
61628376
393240537
161439709
533749726
374333417
230744050
319643638
335405047
129196023
8871930
631791611
404185084
8708097
521953283
118022150
939876362
156033035
120053772
139485197
255713294
154394641
70344723
150233110
261677084
786685980
549380131
254009379
138895397
243818536
168583216
294543409
380133430
364240952
392355897
375513147
155770941
901046334
371941441
634773570
807329864
145776714
551379025
627564625
704700502
158916698
167895131
393568350
757588068
108847207
122151015
149839976
896426087
739500135
344416364
272130160
518578289
2089077
509993077
144269432
304373882
261775483
316399742
808214659
12279941
32759948
367321229
540106892
787538064
316629136
113598618
971038876
236150942
286878
168353952
808083621
163602598
161079463
209215659
142696627
165437624
230744248
292970686
237297855
695951552
248963267
220586181
402186438
540500173
3727567
169140433
697753819
308076766
755032286
235233504
168583393
244408543
73195753
975364330
237068522
609345772
366534898
133292278
944365814
598106363
336290045
206594302
114188545
233169153
259481866
3629326
269377808
375349527
547512601
517464352
398745892
320332068
268067111
823091498
245883185
153510193
310534452
326525243
303227198
745529666
777183555
121495877
424206661
308306251
430235979
345563470
123756885
132145493
429154645
132145500
696082780
552657249
769810790
267936110
280420719
119464308
381116791
336683391
2023814
335077775
123625873
260006292
117858708
956227995
404185504
397107617
386097572
8151465
119366064
266723764
151773620
681533876
208462263
115433916
18178496
403628480
386490828
169402831
138797523
426697173
143679959
744546778
697295322
760373722
144564704
148595169
348217824
767812067
727343588
391864813
755032560
141582833
123560434
626516473
610918906
360833532
371974659
611082757
121725446
114844167
631333382
121561612
596959760
706273808
857301523
856351253
355590681
392225310
944464415
696934945
688579108
111141415
160391722
758997552
108094001
234611251
161571394
516219461
262758983
896164427
284680780
317219405
164651598
766468684
326001230
238248530
671474262
161866328
274424408
130081377
530342500
358703725
117105265
582257
850256506
157016704
675046023
54321800
153838218
843866766
130769555
91611798
909992600
684876441
259646106
119595675
113599136
856384160
701162146
548561573
383672999
132178605
340681391
108290736
974742193
146694831
113337011
862773942
162128573
826008262
727933639
748774089
127787727
966484687
268362451
778527446
254010075
271803104
510321380
130671332
995779304
386032364
135160558
208462598
571925258
366863121
111698706
150397714
232612628
163308312
257483554
512025382
557015848
282157866
276685614
150397745
353788721
522838836
164225845
206594872
557867836
237298496
809952067
520446789
967631687
142697287
680911692
233169742
140043087
254010192
276751186
907764564
154886999
816866136
164619097
733602648
328786786
114713447
239657838
130605943
213476219
155935618
722297732
553706376
111469451
234316683
132801424
233169811
376103841
974250914
800154531
818504612
538338214
243819437
543024046
539354035
249291701
244179894
233202613
642278332
943940549
349529044
640836567
609346519
509993945
121136087
271836130
592733158
423289831
69624807
782459882
621929457
235725817
508584959
559670274
552985610
965993484
332588052
391668765
251946024
691921963
316105772
243950638
246015022
610526254
285205553
245883959
347792441
547513406
268100673
4056130
246899787
243819598
328819791
731178064
144073806
518939730
862217299
259548243
513500246
149251159
369878104
158655577
92988503
300180567
109831263
384787555
259122283
30860396
17523822
699196529
130802808
624092280
3335290
331211897
642999420
858645628
265872504
681731195
861103224
865920130
273245321
208462994
386491538
141583510
242967705
160392353
808117410
597746854
1107113
807101612
146400430
259646645
952984759
58713272
122479803
794453184
766665930
33973452
161604819
633529557
352478425
520447199
212952296
160228585
701588715
260596972
402941171
160392441
539321597
969925890
262432008
3761420
121693456
295298320
601253140
379872532
620586262
218653979
341861660
155804956
381642012
149054754
392226083
751199523
937616678
387573031
244409640
20309291
628450604
231892268
706798893
236545329
317318452
365585716
324953398
539026742
692249910
607315254
756573500
310207810
677864775
271443272
749954380
636314969
158590305
542827879
291857767
135161193
632481130
163407210
123004281
344712570
824010107
262563200
896656775
35153289
695231884
373712277
128574875
686286235
534341020
555869602
424240552
1041833
722888108
320923055
14378422
607282615
383673789
823092673
233399760
637658581
705062358
543122903
532211160
58713568
597747169
256533992
136832489
348513768
254633451
272885227
353428968
506947054
349005296
119399925
260662775
293496319
385639938
266921476
612066820
381642247
962356744
320923145
134243853
124511757
563209763
130901542
240543273
279602733
158590512
857368112
324331058
824010294
305030714
80832068
266921542
103474761
975070797
766993997
1566300
389015138
132933219
759293545
377448044
402941568
611018368
510355074
157083266
136832645
161572487
784426632
234841737
608396939
144631435
238446221
320300691
427091609
138208925
257975977
776103598
259319474
121038517
109504183
337700535
133719743
110487232
608396991
37349056
525002438
870278857
285599434
679143116
251356877
343795408
640050899
556984019
902457048
306931420
566224604
522446558
388949724
903341792
248637153
644343522
125757155
235235048
403760874
611084011
669312754
273966837
965502724
901834509
508225296
267937560
100394777
512747292
807855905
20113187
37349161
325019436
125691693
257124142
266397489
425551665
113502009
23947066
423552829
549840704
221439812
544302920
266168138
396715851
214820682
666625870
161277779
798877524
610002774
149153627
332588893
108881757
798549855
823093097
151119724
154298223
266168181
803989367
302245753
807331707
758212476
378234750
2025352
769877897
251357066
759261067
251946894
279963537
428861349
158033834
38496172
273246126
146401199
233531311
17524655
358475708
210134973
552298431
116746182
563767248
243460050
782428120
135096281
379873242
648439770
53569498
269871070
938567653
852846575
124413936
695134196
310798325
310536182
266397687
161572856
250669047
550922240
118024196
539387909
32892932
627533828
376104968
553773068
144041997
424503308
273344527
778070036
261810197
612657183
259549215
608856101
559278122
256665643
264988715
64022575
279046193
864938033
116222005
358705218
110946374
290646088
145123407
399370320
209250384
371648594
557738066
554264664
133228637
164063328
531982440
347498601
788424810
125855852
561965165
7923824
557279349
4974715
525396097
610068617
4122770
723478680
165210268
390752414
849766568
586311850
131426478
267937970
731408563
152922291
381642932
677111989
545745080
395110586
248146114
128772295
398518474
863004875
518908113
806906067
153250014
161016031
16836832
701393120
246835426
137816293
551839983
527657203
7170298
300869885
111143166
219408648
153217291
269674764
35383568
254109970
645589271
905177370
275867934
870279458
267938083
754837803
136145198
696412465
610494774
259778871
822176056
807856449
693299523
374827333
269347155
141650262
139159897
907700572
1002596705
370633058
809920866
634939748
553740642
330819943
905996648
555444585
265873770
635922802
772401524
129821046
694086011
752707972
266824069
911239560
143518088
526805392
793635231
693889441
394357157
599550373
958949800
520841640
246344107
124742066
22014392
214559161
353397192
297494984
10578378
153020876
260630990
389016021
847735262
388426210
378989029
316664296
381643246
898132463
168389109
310634998
704408055
248310267
846522877
369027582
425191935
616884735
754674176
795404802
256305664
277932552
116713992
313649675
823093772
620685838
395110941
360409646
744876595
706701879
808184375
135064121
704735805
622619197
802155072
275966529
247327298
251947585
211184205
313223768
13396581
19524207
90761840
300116593
18868850
367127154
897837679
139815541
136604282
404187771
106130046
143616643
336456325
57797254
806906508
962357908
255388309
799730328
150399642
967764639
141290149
428567206
626289319
222882472
121006762
137357996
329575085
562752176
236284595
624585395
165210813
401795778
158395077
124709576
759327433
815164105
280259274
128871114
696019661
342518479
332065487
757623507
355101395
602041048
739863257
727575268
260434665
223242990
326626031
231893746
329313019
396913405
139815680
795175680
2910977
951610114
774859524
401828617
123267860
304540446
722856735
108817188
134867751
424962857
144272174
138013491
270396212
256820
403958585
114158395
425552708
696281927
1469257
269347675
771943262
429878113
634907489
149908323
583363433
3631981
821783407
533392242
556985204
270134136
32828289
869165961
216886154
122219402
808086414
370994066
382364564
140503961
540502939
671411104
269806498
507308964
548563878
424569767
4549543
697461673
529034153
644344754
155380659
758901684
628943802
592735166
522218440
391965646
209415118
155118544
88828881
243952594
396749778
211184597
244181974
370633685
516582362
126807004
793963491
231664615
267906024
364866537
802974711
398388222
891677700
768240653
125725714
235924500
668494869
109505569
255814694
129362983
149908518
315780146
861105203
154790973
238349381
211840069
114846791
164228167
973302854
1002531915
361786444
706702416
391507025
4877397
819326043
696282203
155380827
724429923
367750250
297725036
649063534
859401330
707062901
374926454
283372666
112979067
403958911
289926275
370568332
808021133
276032654
744483988
1764506
94039200
276524193
160984227
313945254
895937708
164097196
394489008
165211314
370994355
154397876
386034881
219147460
114453703
125758664
809954505
149908680
151481549
382823645
552627422
340389087
341535968
211447013
146402538
368667887
24046831
683601135
669281524
280915189
997846261
247229698
556068099
1174789
163212549
520449288
256765200
191765
144829718
260435227
304573730
824012069
331771179
964095278
295497007
316960047
366406962
114158899
364506418
37580090
371649851
221900101
3304776
267349327
324726100
156560726
378006871
515796311
638676311
541945190
319679846
299036020
296512886
142732664
868543868
342846853
330231175
145550733
251030926
234843535
508685714
129494422
222916001
851078563
812314022
776990124
592014765
269905328
149712309
165408181
291532217
269381055
605875647
355691972
604925390
518909404
643034590
310865377
310275554
389705188
584379880
425553385
272395756
946040302
326004207
143060468
1404406
356576766
423620095
683077125
346516997
277114383
605548047
251293199
331509266
692350485
341503509
144371225
278097434
997453345
649096739
275967524
262565415
150203946
395800113
809037367
777612867
698609227
321613390
899280463
123432531
908226135
311684697
555871835
602041947
115895901
399109730
387214946
260664932
849735270
366538346
374074986
347434613
759000697
155119226
602533501
234417797
157544073
740224653
564850328
30207643
397536933
131526315
316731051
427421363
276754100
265875129
128872122
125628089
604958398
385085121
548597443
256470725
128347846
163802822
593522376
630746823
137817801
149909197
362376911
318172881
132083409
810806995
370863830
403435224
2617048
113340130
293138153
281833194
798879468
1240812
766701297
114421494
247721723
124055294
275377918
262565641
693301001
381841168
109244179
650080033
997224230
823095082
944566058
218558251
153677613
376106798
394489647
142012207
526774063
756608815
272396086
821751608
372698937
210038588
361131845
608137032
135229259
806973260
725806930
4157271
129363806
372895583
87682913
892956514
110194537
316698476
863235950
233566078
127135618
142339972
246673284
144043912
382529422
634154897
314077074
274821009
376565657
135884703
778530721
337932197
758017960
751595433
781053867
733081515
150106030
262467503
560132018
696446899
864219061
165408699
363622337
113635265
380596163
132935620
357265352
729575372
329969616
244510675
673542099
143585239
517042135
378990553
598077402
697397221
308932587
155414510
339537903
347795442
807333877
386461704
377417736
245985290
125726732
14839821
131428387
293728292
695955492
381841445
336687144
309424185
143749177
552235066
530706514
120680531
328167511
130773081
264663135
815165536
221180006
1241192
976482411
280195179
157085809
120975475
817197175
114356344
339832954
153383036
125169791
146206848
642281604
318468230
754839689
368406667
132083852
158396558
392786062
127529107
940568727
552497304
507637921
108425382
146305193
246902954
677933229
67989680
277115062
744812729
600895674
377712828
386724028
116977856
748777667
3109060
534704330
71266510
69333199
122745039
308375771
807792862
619180256
144797921
280293603
154398948
597782756
352841960
603746537
384168186
649097466
155939068
288715006
537948418
271315207
427421962
866316564
25751839
302051616
626028833
279081252
625668389
609546536
343798058
250147114
131789111
4256055
158757179
301756734
294580543
15364421
271610182
537948487
358707528
771944783
131101019
972583259
670134621
582480223
798060899
349892965
238448999
905081195
274198893
247492977
699167090
4092276
155939194
667611514
313454974
233009534
299037065
641560970
376664459
124580245
267153817
246903195
820015519
788951464
369357226
116289967
347140529
553316785
165278136
1143225
255455674
266269115
293368252
270332348
280916408
287470016
6844865
144208330
535949780
84046296
520221147
753725917
236646882
247460324
129692138
385151470
12218865
249328130
334524933
308965894
158298631
19558920
152924683
753725963
84472336
250868243
540340756
122188312
114848288
265646625
138342958
282948143
566784562
261222971
347796028
276296253
154399295
994800197
255980106
161149516
807760464
741700181
259322455
274330205
376304227
895939180
538702444
231895662
512029296
512389745
1962611
216855156
266170997
16577142
353628792
763130493
390460035
640807562
146207372
609579671
213676701
345109156
341504677
57602728
132051635
155546294
353104571
732689083
145322689
336786113
335016643
369357512
268464841
944960201
317027023
519238354
776106713
324694747
742748897
71267046
346845928
136377068
760410860
384627440
142013169
262304503
112784124
132412156
745272062
622064386
5141252
798585622
16511774
807334687
741569311
1000436510
155120424
254538538
627241773
169276206
523465522
155382579
385151804
270529344
533394249
222884683
144208719
270332753
814084950
807105367
549385048
390263639
424932184
266400606
608203616
364049249
369357671
608727912
163738475
338686828
344093549
303494000
680162171
624096126
524546943
345273217
208466827
315454354
530838418
345666450
304739221
328102806
964064154
704082847
168850335
380662694
592016294
286323643
235893692
251294653
731739075
264958918
216855495
134706125
597849039
221410257
163214308
998405094
897577959
118191080
266728430
757330926
19919856
145945592
338162681
354743290
291075065
356709370
507343875
537031684
276132869
253785096
868348940
764933132
5010451
159413267
800191512
649098266
208466977
30602275
590279716
280687655
279999529
141358128
164590650
360838202
270234687
761033799
8385615
553776207
109835351
517043292
135394397
247460958
628454495
165409895
385938540
852063347
161969278
349664384
104100992
155874440
135623820
64582797
747598996
360739988
119731350
631764119
693695640
158233759
850949279
142013600
256373919
363951267
150402228
726004917
348484793
168293571
233534660
367260873
665875657
38171856
868938964
52491478
842101975
765326553
74642651
211186908
667546853
773944550
868938984
123598059
110720238
117437679
145093870
734426350
146666738
665351411
124515572
215577848
323024129
161150209
504558852
217871624
1537288
307754252
385807633
262731028
223245592
727872793
596276504
142013729
394720546
168293674
393278763
349730094
137983279
208172335
402748723
338687287
246019385
565802301
162035007
314406212
157840708
570094916
703722824
569275722
381842771
128972116
397538656
376108391
230487408
347141489
393966960
672593274
280262018
956462469
556529037
238581137
695956886
155121047
1005319581
755037607
216692142
790099376
240186802
851375544
143750584
539358652
153679295
756381121
610530758
252048842
109508046
4912590
596964825
374601179
19428834
161150442
211449327
250115567
155055600
796653041
153318901
284947962
212792835
339047944
122713614
329315857
632419869
113767967
824014378
133035562
778139180
701888044
19396143
891549235
162297401
3241529
526448185
533034557
394720833
611022404
247461444
123598413
852588113
517011027
815134292
748025430
389477980
236779100
345339487
121599588
131921512
427423338
276231788
335017580
998700654
304346734
218297969
12875378
325940856
362608250
294418043
726169212
131528331
134805132
249656988
120518301
266729121
939128482
304772769
796358310
1472167
734721706
271021739
512030383
570160816
168949423
640022204
552990406
557315785
124090058
129627850
504526543
210892498
395933394
762083026
213579476
555448019
264959701
537523928
155055831
745109216
555448035
120583913
371652334
208172786
262469365
611022586
756086524
119371518
310081286
564819718
133297929
759035660
142014222
250115858
1734420
118552341
387741462
136214295
118388503
215906069
286029588
303593246
817198880
765327138
137131810
243824420
216430382
402945840
79558451
604403516
686126909
858093375
265549631
269547329
669349698
862189384
566261577
255915851
24475481
365197156
249984868
863598441
79886190
249984884
808351606
249919360
275412870
906917767
371226510
641562520
138016666
972748704
261453729
145684391
858650536
759232435
390657978
144734138
505411516
222328765
313194430
824014782
143751105
680130500
514389957
3176388
142866379
261781456
109115359
744388579
396982244
320337899
321091564
135755775
114456580
256473094
112392199
697006087
374437897
140277772
895645709
275871759
526776338
253786134
703264793
32831520
590837794
142211107
155940904
350746665
821786666
243824686
326236206
542734391
267188288
126253121
378009669
730757190
68450381
250542157
811563086
850393168
638482514
262633558
272070750
808122462
809039976
559282281
754481259
290846830
560134257
123009140
220067957
164657272
381286523
348485756
808351879
208173193
286292109
215677070
219642000
137427102
762083488
250837153
342948006
389970089
534050991
587167924
899381431
815167675
160889019
251885761
809859266
326793416
287471821
223672528
750319826
250869972
909506776
247232730
548600028
1538268
697923807
330889439
354515170
300054756
140736745
152172787
524220663
610564344
314964217
686127360
111737091
394721540
515766533
129628426
127858954
526809356
135100684
691206413
845576476
377321758
795998494
94239015
136902952
681081128
819493170
532281651
870676792
390265144
250542400
696383816
766638409
155187530
265746762
140278110
428833120
4192619
791771503
280033654
398522746
742750596
262568327
328169864
937130377
509180300
114162064
364640659
508197268
943520148
556923286
742390167
544307606
212335001
940571033
85588383
384792994
756349348
569735590
294615464
258472365
902691252
384104889
992737722
148699581
895416771
386955716
114850245
936966600
159414731
904231374
157809106
167639506
264927701
528710105
340621786
125467104
257784288
164100579
585955812
399342054
369424874
545290732
610597357
806943219
509999611
591460859
772012543
142408193
66943496
127957514
510294543
155941396
535755285
100923928
750615067
653852
342850080
128678433
706411044
734919209
626522669
632912437
905935414
121600567
69204533
220068410
546175547
107903551
383679040
404421185
18905667
116914760
328333897
426506824
337574474
592214609
261782099
281016917
249985630
108657247
609581669
245856871
219150956
152304237
529005167
324074101
650345080
158038650
773225086
132151936
566262405
238582407
119798408
584284818
258112151
381188761
380435100
4881053
154630812
667056796
168327851
806648492
295074477
248937148
603355847
146668232
79690442
105380554
890632907
726104781
731019978
509835986
278624984
623016665
137034458
122944219
211942115
146668260
239794917
757398247
153582311
319650539
595622638
327318256
616332022
215677688
664828665
849214201
208861947
545749762
150633220
319748873
154794762
806976265
951646992
259029779
623016723
617839382
772406041
649296669
748780319
568752927
937491237
606567205
696023847
217873193
515799852
168655660
747174701
216660783
753040182
231635766
427031364
25426757
274561873
303332186
303856477
588872545
790559588
637729637
866941798
786398060
217283440
938638194
798423923
260569972
328629114
154008454
388496262
114817929
865074058
535821195
742751114
852589456
231209872
118160277
398031766
645430168
154794909
505641892
532970415
968293297
157678513
358382515
621312948
260438968
759069625
970030010
87456699
247397311
504200131
765361093
283573192
909343694
126090190
271023057
143129555
3963860
341507027
4258773
130644951
258276311
801831898
3242971
86604765
126909414
558496744
2030574
302971894
111442935
5241846
132054006
163183610
134315002
297499644
697727997
155057149
126352381
938867714
156924939
1571851
430767118
611187727
344390677
140737558
132217880
389708827
246316059
3636252
734362654
321682461
132807712
71302187
394001452
939097131
404192305
974027827
299531319
266173498
322501692
161086526
120618047
279149634
508558402
11566150
396983368
324402252
943586380
750943311
120388692
155057239
754187354
117767275
156925037
508886129
273742961
116161652
724073589
260832375
301497471
250870915
3112068
246774925
706018452
83721371
271514779
539360420
319945893
221281448
163347625
151682228
248839350
163282107
238582974
745536704
230489281
608730305
298056900
311753925
395050184
370310354
320306387
504200404
591232211
219610326
216530134
397540571
355171551
604929261
129891573
343276792
524188921
624098554
760216825
247725311
223575301
733379847
761134346
629701899
254147850
616725774
256048398
287800592
512982288
693697809
145259803
504233244
281312549
113311017
270794037
897744182
134315320
253984063
604110143
251886916
1408326
940440904
759233864
807861577
377486674
117669204
164166999
376044891
793673060
365559143
145554792
347569519
254541182
139427209
504462730
127532427
551386513
394296721
57310611
116915607
117702045
286621086
380075424
394657187
136904102
549453234
299040180
210763190
263323064
604405177
129105342
1441217
152174018
257883587
607747523
972455361
850918855
539098569
395050446
639991246
850427342
116063697
615677394
136543697
280755670
300645851
167902684
291470812
386104799
215252451
261258724
531070436
899743206
702217701
383057387
396262896
556957168
247332346
852393470
384171519
611057155
303660549
161021450
37682701
137592336
356580883
370638362
272727579
254934559
206962211
795508260
608337444
686194216
62455339
329023021
371293742
254934581
611745333
157548090
106593850
696811069
758906430
747273791
742751808
167640646
338689607
260931152
550141523
818511444
525401686
381517402
258637403
773226077
693829222
393477739
587267692
136904303
123666035
364248694
393641593
74579580
562757249
135495297
618167938
384794244
220921478
746487434
504462996
394428057
270728859
382762653
128679583
584285858
762445478
741277359
255721136
149061298
786136754
550141622
797212342
753991359
235896513
403209923
327581383
429162186
631307978
517734092
157843153
299302610
28442323
131202783
424836833
143130344
157515499
207290091
297500398
237829870
360414964
145456886
164036347
845151997
727580413
371523330
215252739
341311250
34668307
869433109
256737049
256671514
216006434
395804451
115015461
267747111
424443693
238878509
302776113
155189045
235634487
784072506
349896509
1015614
384532288
755924807
860258123
268926797
703201106
398524242
333774679
325779294
667516773
338689905
614072178
517734260
873201524
2424697
23494522
329318276
762478474
339509132
158138264
247824280
526778265
892207000
247824284
107675559
393478062
544604079
3669940
379289525
723845048
327778250
1671116
610172878
600178639
824901587
536510420
696352726
247234524
909508574
156401633
387678177
821788645
5275622
366542830
136445938
157024255
